1991	7	19	18	13	44	88
1990	8	27	7	1	37	25
1994	7	17	22	9	0	95
1993	7	28	12	37	54	51
1992	9	20	13	0	50	58
1994	2	24	12	41	12	61
1990	7	11	6	26	3	92
1994	11	10	2	50	46	16
1991	4	7	20	20	24	63
1993	6	17	20	28	21	89
1994	7	19	19	10	28	13
1993	2	27	18	47	11	36
1993	2	25	6	45	29	79
1992	11	14	7	24	45	53
1993	11	19	15	52	51	57
1994	8	5	22	47	57	96
1990	8	2	19	12	5	92
1990	7	9	16	14	34	53
1992	3	30	5	19	46	98
1993	12	30	9	50	52	65
1992	8	10	5	40	30	57
1993	7	16	3	57	42	99
1992	7	10	1	34	36	29
1994	1	23	12	1	21	68
1990	10	13	5	13	56	54
1990	8	13	13	15	4	84
1990	8	21	16	17	53	98
1992	2	8	7	22	47	99
1994	8	23	20	2	10	97
1991	8	7	6	48	21	76
1990	8	5	19	0	1	47
1994	1	28	16	21	55	85
1994	2	9	10	56	30	44
1991	5	20	15	28	33	96
1994	3	30	9	26	53	87
1994	6	1	5	52	11	28
1992	1	29	17	45	16	68
1993	12	8	12	46	44	50
1992	12	22	0	11	47	39
1991	9	18	17	15	33	67
1991	10	13	6	3	23	66
1990	4	31	14	27	6	69
1990	5	28	11	23	57	89
1994	8	3	7	0	38	64
1990	7	7	1	35	10	25
1994	10	14	13	34	48	72
1994	7	7	0	4	59	82
1991	3	31	19	46	57	18
