2012	5	14	13	15	0
2012	9	1	12	45	0
2012	9	15	14	15	0
2012	9	25	16	15	0
2012	5	12	8	45	0
2012	5	14	2	15	0
2012	9	1	15	45	0
2012	5	14	14	15	0
2012	5	12	11	15	0
2012	5	14	3	15	0
2012	5	15	3	45	0
2012	9	1	10	15	0
2012	5	15	3	45	0
2012	8	31	4	45	0
2012	9	11	13	15	0
2012	5	13	7	15	0
2012	5	14	4	45	0
2012	9	1	2	15	0
2012	9	11	13	15	0
2012	5	14	4	45	0
2012	9	1	14	15	0
2012	9	15	14	45	0
2012	5	14	20	45	0
2012	5	12	22	45	0
2012	9	1	3	15	0
2012	5	13	7	15	0
2012	9	1	3	15	0
2012	9	15	14	45	0
2012	5	12	6	45	0
2012	5	14	10	15	0
2012	9	1	13	45	0
2012	9	15	15	15	0
2012	9	25	16	45	0
2012	5	15	5	15	0
2012	9	2	16	15	0
2012	5	14	3	15	0
2012	5	14	8	45	0
2012	8	31	20	15	0
2012	5	14	3	15	0
2012	9	3	0	15	0
2012	9	15	15	15	0
2012	9	25	16	15	0
2012	5	12	20	15	0
2012	5	14	1	45	0
2012	5	12	14	15	0
2012	5	12	12	45	0
2012	8	26	16	45	0
2012	9	5	20	15	0
2012	9	16	2	15	0
2012	5	14	12	45	0
2012	9	1	14	45	0
2012	9	15	16	45	0
2012	9	25	17	45	0
2012	5	14	13	15	0
2012	9	1	12	15	0
2012	9	15	16	15	0
2012	9	25	17	15	0
2012	5	14	16	45	0
2012	5	14	3	15	0
2012	8	29	18	15	0
2012	9	8	18	45	0
2012	9	20	1	15	0
2013	9	3	2	3	0
2014	3	4	9	4	0
